-25 -19 15 
-29 -4 -3 
-13 12 -11 
22 13 -11 
26 19 -12 
29 26 1 
20 -12 11 
-24 23 7 
22 20 -16 
28 -26 -17 
28 9 -3 
27 14 3 
-24 -21 -4 
25 16 9 
-24 22 -7 
-26 12 -4 
-29 21 12 
17 15 3 
24 9 8 
-14 11 2 
18 3 1 
-27 11 6 
16 -5 1 
-23 -15 -11 
23 20 -2 
27 17 -3 
28 -26 -7 
-27 15 13 
-24 16 11 
-15 -5 1 
16 -8 5 
28 -19 7 
10 -3 2 
-18 -8 2 
26 -16 8 
-29 -14 -9 
-23 12 -4 
28 -23 11 
15 -5 3 
-29 24 -7 
-19 -11 4 
20 7 -6 
-29 -3 1 
-27 -13 11 
-6 -3 2 
-26 5 2 
-24 13 4 
-29 -27 -7 
26 20 19 
23 -13 -7 
21 19 -11 
-27 20 -11 
-20 8 -2 
25 18 3 
-28 -24 2 
27 -13 9 
14 -9 8 
-19 3 2 
-23 -19 11 
17 13 -8 
-23 12 5 
-28 22 -7 
-26 -19 6 
-23 14 -10 
29 21 20 
-7 -3 1 
-22 -4 3 
18 -13 -2 
-20 9 2 
-21 14 -3 
-21 9 4 
-26 -13 12 
-25 19 -14 
23 15 13 
23 18 -7 
29 -21 -3 
18 14 11 
21 9 -6 
-7 -5 3 
-14 10 -8 
-29 -27 -13 
-25 -16 3 
29 14 11 
16 -13 -4 
-25 24 -4 
17 8 -5 
7 -6 2 
-21 -16 3 
24 -19 2 
-22 9 7 
-27 6 -1 
18 16 -14 
20 -9 -2 
-25 -19 8 
28 7 -6 
-20 -15 -14 
-25 20 1 
-19 16 7 
25 -20 13 
16 15 -6 
24 13 -12 
16 -12 7 
23 -22 3 
-24 -18 -16 
27 21 2 
-29 -14 -5 
-23 -17 1 
-26 -18 14 
15 9 -3 
29 26 21 
28 -25 -15 
16 -10 9 
-29 -22 -20 
20 10 -3 
-16 15 -13 
26 21 12 
-22 -8 5 
-25 -23 2 
27 -12 7 
27 12 7 
14 -11 3 
26 18 -9 
28 -16 -15 
-27 11 -6 
