-28 26 -18 
24 3 1 
-16 8 -5 
-33 11 -10 
32 -18 -13 
33 6 3 
29 22 -16 
-24 -17 -1 
-31 16 -15 
23 -22 19 
33 24 15 
19 14 -3 
31 23 -1 
-24 7 -5 
-27 11 3 
29 28 -6 
29 23 15 
-25 20 11 
30 -13 2 
30 28 16 
25 2 1 
-32 30 3 
28 -26 11 
-26 -19 -9 
-24 -11 8 
20 16 -10 
-28 11 5 
32 25 1 
-34 27 -11 
22 19 5 
26 12 2 
-20 12 -9 
-34 -20 -12 
35 -23 -15 
-8 -6 3 
-26 -15 -6 
-23 -18 2 
-32 20 17 
-35 32 -20 
28 25 9 
22 19 15 
17 14 -4 
20 12 8 
-32 -2 -1 
29 22 -2 
-30 -25 13 
32 16 11 
34 -17 -5 
31 22 15 
-24 7 6 
15 -10 7 
31 -29 8 
-28 21 9 
-26 17 5 
-29 -5 -2 
-24 15 12 
30 -11 1 
35 -15 10 
-30 -10 7 
-22 14 9 
22 14 -9 
23 -21 18 
-14 -11 3 
18 5 1 
31 -26 4 
32 19 -4 
-24 -15 12 
-25 -7 -6 
-24 -17 -3 
32 -25 19 
-33 9 -1 
16 -14 7 
35 -28 -8 
34 -18 1 
-23 -5 2 
24 -22 -21 
-35 -27 25 
-30 -26 -17 
-35 6 -2 
-21 20 -4 
-29 25 -23 
30 -27 16 
35 18 -12 
26 11 -4 
28 21 7 
-30 -9 -1 
14 -11 10 
-11 10 -4 
35 31 -21 
27 20 -8 
34 -19 -8 
32 -22 8 
-28 -25 -15 
32 -17 -3 
25 -15 7 
16 14 8 
-33 -16 -8 
-23 -11 8 
35 15 -2 
23 -18 -16 
-30 12 -1 
-34 -20 -19 
-30 29 10 
23 -19 -4 
-34 -28 24 
-34 -22 -17 
23 -15 14 
27 -24 -20 
-8 -7 -5 
-28 22 -2 
29 5 4 
24 16 2 
-34 -25 18 
-23 -5 -1 
17 11 -1 
28 -27 -4 
-33 -8 -3 
19 -14 7 
31 -22 -8 
30 27 5 
30 17 11 
-22 20 -3 
-30 -21 -8 
18 -6 -3 
-29 26 20 
-35 27 17 
-15 -14 10 
-23 14 1 
-35 18 16 
34 16 10 
-23 16 10 
-33 -25 -15 
-35 -33 4 
-19 13 1 
-35 -28 -21 
-28 12 4 
-19 -17 -7 
-31 -24 17 
-34 12 8 
-32 -12 1 
31 26 -8 
34 -7 6 
-21 -19 6 
-34 -28 -14 
28 -13 -8 
30 -24 -8 
34 -24 -17 
-28 -10 -9 
17 -8 3 
