-28 20 16 
-28 17 -7 
19 15 9 
18 -16 1 
28 -17 -3 
25 -15 11 
26 9 -7 
13 7 -5 
23 19 -14 
17 13 -12 
-17 10 8 
-12 11 -8 
27 -17 -2 
23 -22 11 
27 24 7 
20 -6 1 
16 -15 13 
17 7 -4 
-17 -13 -2 
28 -16 -7 
27 25 -3 
24 -11 -9 
11 6 5 
10 -3 -1 
-19 -12 -1 
20 -17 4 
22 -13 -8 
-14 -10 4 
28 -6 5 
20 -16 -12 
18 17 -2 
21 -18 -2 
-27 26 -11 
21 17 -7 
-16 9 1 
23 5 -1 
-22 19 6 
-23 -17 -13 
22 -14 -8 
25 22 3 
21 9 -1 
-23 -11 3 
-26 18 10 
-28 -18 13 
27 19 3 
-28 27 21 
28 -14 -1 
28 10 1 
19 15 6 
-19 7 5 
27 21 -2 
-13 -8 2 
22 -20 10 
-24 -4 3 
-26 23 6 
7 -5 4 
-26 -7 2 
-24 -18 -5 
-18 17 -3 
-22 -10 -6 
-18 11 -9 
-23 -16 -5 
-15 -7 -2 
-25 -16 -12 
28 -21 14 
-27 12 -10 
21 -15 10 
-15 14 12 
-26 -23 15 
21 19 2 
20 -17 -4 
16 -12 -7 
-17 -15 -9 
-27 -24 -22 
24 15 -6 
-19 13 12 
23 11 -4 
22 19 -8 
16 6 -3 
-13 8 -2 
-27 -10 7 
-26 22 11 
-23 20 -1 
13 -10 7 
14 -11 -4 
22 20 -2 
-28 -15 -6 
16 4 2 
23 20 2 
26 9 8 
-11 -8 -2 
-21 20 1 
-23 12 -8 
-28 -18 -15 
28 16 -4 
-23 -17 -9 
28 15 -4 
27 17 -10 
-17 11 3 
25 -21 -9 
-27 -26 7 
-27 18 -15 
28 25 6 
24 17 10 
-19 -14 -1 
-19 10 -5 
22 18 -10 
-26 -12 9 
-25 -18 3 
7 -3 -2 
24 -20 -18 
26 -17 12 
-27 -24 21 
28 -15 -2 
-22 15 7 
17 15 -5 
-27 -10 -2 
-9 -2 -1 
-28 11 -9 
