36 -22 9 
-20 -4 -2 
36 -33 -21 
-19 -11 1 
-20 -13 10 
-27 -23 9 
11 9 2 
-25 -17 -10 
37 -35 -4 
-24 -23 18 
27 11 -10 
36 31 -9 
21 -16 5 
37 29 19 
16 -10 -1 
36 18 17 
25 -17 -6 
33 10 6 
-18 17 -14 
-33 -19 13 
-35 19 9 
35 -11 -1 
33 -15 10 
26 17 -1 
-24 22 7 
22 18 -17 
-26 -21 -3 
-24 21 -3 
34 31 29 
18 -13 -3 
-36 22 20 
36 19 16 
-37 26 -3 
26 6 3 
36 -24 22 
-22 14 8 
33 -27 8 
29 -15 -1 
-36 20 7 
30 -15 8 
-26 18 15 
31 21 8 
-21 20 11 
-26 -14 -12 
19 -13 10 
-32 -24 -17 
-21 -17 -16 
25 -3 -2 
-19 4 3 
-32 10 5 
25 24 14 
-37 35 2 
-17 -4 1 
33 26 12 
-37 -33 23 
-34 25 17 
37 36 -12 
32 -29 -8 
13 -2 -1 
31 -11 -9 
-37 35 -6 
-36 -33 22 
37 22 -13 
26 25 -14 
-20 -11 9 
33 23 -7 
-30 -8 -2 
35 -30 16 
-35 -28 -21 
-22 -13 10 
-27 -23 4 
29 -21 -12 
-9 6 1 
14 10 8 
-35 30 15 
37 25 6 
-9 -2 -1 
25 -21 -19 
19 15 5 
-34 -20 5 
-23 -19 6 
33 24 -23 
-36 -17 8 
-24 16 7 
-32 26 16 
-33 -29 15 
-29 -20 7 
24 -7 -6 
26 23 -11 
-23 18 -10 
-33 29 -4 
33 10 -7 
28 24 -3 
-32 -19 -14 
-32 -26 -4 
-33 -24 -23 
-25 -12 -9 
-34 16 -14 
-30 19 2 
-30 -8 1 
-33 -26 -5 
-27 21 -11 
28 23 -21 
-28 -21 17 
-28 17 -3 
29 23 -10 
-33 15 -12 
-17 2 -1 
-14 8 -7 
29 -2 1 
34 -17 5 
34 28 16 
28 -24 -22 
-32 -26 -20 
36 -25 24 
-31 -19 11 
-32 -31 21 
-27 24 -9 
36 22 -16 
-32 -29 3 
-30 -16 3 
34 -22 -11 
36 -34 2 
-24 8 7 
23 11 9 
-35 -17 -13 
9 5 -2 
-36 -28 -13 
32 26 -23 
-35 -2 1 
27 13 -11 
-22 19 -14 
37 -30 21 
-24 20 -3 
28 26 -5 
-30 22 -20 
34 27 3 
27 -18 14 
-34 -24 18 
-18 -12 -6 
-34 33 -15 
-30 20 -1 
34 -25 11 
-36 29 -24 
-24 5 -2 
-27 11 -9 
-28 26 25 
33 -27 -4 
30 -22 -17 
-29 26 -7 
-31 28 -14 
-32 20 4 
-31 26 -10 
17 -15 8 
25 16 4 
-31 26 -19 
-34 -16 14 
